SIZES
  narena                14680064
  nbuffer               215248
  nplugin               0
  maxuse_stack          5096
  maxuse_arena          29896
  maxuse_con            0
  maxuse_efc            20
  solver_nisland        1
  ne                    7
  nf                    13
  nl                    0
  nefc                  20
  nnzJ                  260
  ncon                  0
  nisland               0
  threadpool            0

SOLVER STAT
  solver_nisland = 1
  solver_fwdinv =   0         0       
  ISLAND 0
    solver_niter = 1
    solver_nnz = 169
      0:  improvement =  1.6e-13     gradient =  1.9e-17     lineslope =  0       
          nactive = 20   nchange = 0   neval = 2   nupdate = 0

ENERGY =   0         0       

TIME =  59      

QPOS
  -5.4e-21 
   0.0059  
   3e-06   
  -0.0053  
   1e-06   
   0.0019  
   3.4e-07 
   0.0032  
   0.0036  
   0.0056  
   0.0032  
   0.0036  
   0.0056  

QVEL
  -1.3e-18 
  -2.1e-16 
  -1.9e-18 
  -2e-16   
   4.1e-19 
  -4.9e-17 
   5.2e-20 
  -5.7e-17 
  -1.8e-15 
   3.3e-15 
  -7.6e-17 
   2.3e-15 
  -8.9e-16 

QACC_WARMSTART
   6e-16   
  -7.1e-17 
   7.2e-16 
   3.3e-17 
  -1.9e-16 
  -9.5e-17 
  -1.6e-16 
  -1e-15   
  -6.3e-15 
  -3.6e-14 
  -6.8e-15 
   5.1e-13 
   5.8e-13 

CTRL
   0       
   0       
   0       
   0       
   0       
   0       
   0       
   0       

QFRC_APPLIED
   0       
   0       
   0       
   0       
   0       
   0       
   0       
   0       
   0       
   0       
   0       
   0       
   0       

XFRC_APPLIED
   0         0         0         0         0         0       
   0         0         0         0         0         0       
   0         0         0         0         0         0       
   0         0         0         0         0         0       
   0         0         0         0         0         0       
   0         0         0         0         0         0       
   0         0         0         0         0         0       
   0         0         0         0         0         0       
   0         0         0         0         0         0       
   0         0         0         0         0         0       
   0         0         0         0         0         0       
   0         0         0         0         0         0       
   0         0         0         0         0         0       
   0         0         0         0         0         0       
   0         0         0         0         0         0       
   0         0         0         0         0         0       
   0         0         0         0         0         0       
   0         0         0         0         0         0       
   0         0         0         0         0         0       
   0         0         0         0         0         0       
   0         0         0         0         0         0       
   0         0         0         0         0         0       
   0         0         0         0         0         0       

EQ_ACTIVE             1 1 1

MOCAP_POS
   0.4       0         0       

MOCAP_QUAT
   1         0         0         0       

QACC
   6e-16   
  -7.1e-17 
   7.2e-16 
   3.3e-17 
  -1.9e-16 
  -9.5e-17 
  -1.6e-16 
  -1e-15   
  -6.3e-15 
  -3.6e-14 
  -6.8e-15 
   5.1e-13 
   5.8e-13 

XPOS
   0         0         0       
   0         0        -0.35    
  -0.4      -0.4      -0.75    
   0.4      -0.4      -0.75    
  -0.4       0.4      -0.75    
   0.4       0.4      -0.75    
   0.4       0         0       
   0         0        -0.15    
   0         0         0       
   0         0         0.27    
   0         0         0.27    
   0.0017    0         0.56    
   0.054     1.6e-07   0.56    
   0.13      3.8e-07   0.22    
   0.13      3.8e-07   0.22    
   0.2       5.3e-07   0.12    
   0.2       5.3e-07   0.12    
   0.2      -0.035     0.059   
   0.2      -0.07      0.017   
   0.2      -0.02      0.044   
   0.2       0.035     0.059   
   0.2       0.07      0.017   
   0.2       0.02      0.044   

XQUAT
   1         0         0         0       
   1         0         0         0       
   1         0         0         0       
   1         0         0         0       
   1         0         0         0       
   1         0         0         0       
   1         0         0         0       
   1         0         0         0       
   1         0         0         0       
   1         0         0        -1.4e-21 
   0.71     -0.71      0.0021    0.0021  
   1         4.4e-09   0.003     1.5e-06 
   0.71      0.71      0.0039   -0.0039  
   2.4e-09   1         9.9e-07  -0.0056  
  -0.71      0.71     -0.0046   -0.0046  
   4.4e-09   1         8.2e-07  -0.0065  
   4.4e-09   1         8.2e-07  -0.0065  
  -0.0016    1        -9.6e-06  -0.0065  
   0.00019   1         2e-06    -0.0065  
  -0.0028    1        -1.7e-05  -0.0065  
   0.0016    1         1.1e-05  -0.0065  
  -0.00019   1        -4e-07    -0.0065  
   0.0028    1         1.9e-05  -0.0065  

XMAT
   1         0         0         0         1         0         0         0         1       
   1         0         0         0         1         0         0         0         1       
   1         0         0         0         1         0         0         0         1       
   1         0         0         0         1         0         0         0         1       
   1         0         0         0         1         0         0         0         1       
   1         0         0         0         1         0         0         0         1       
   1         0         0         0         1         0         0         0         1       
   1         0         0         0         1         0         0         0         1       
   1         0         0         0         1         0         0         0         1       
   1         2.8e-21   0        -2.8e-21   1        -0        -0         0         1       
   1        -0.0059    0         0         0         1        -0.0059   -1         0       
   1        -3e-06     0.0059    3e-06     1        -1.7e-24  -0.0059    1.8e-08   1       
   1         0.011     3e-06     3e-06     1.6e-08  -1        -0.011     1        -1.8e-08 
   1         2e-06    -0.011     2e-06    -1        -1.6e-08  -0.011    -6.3e-09  -1       
   1        -0.013    -2e-06     2e-06    -1.9e-08   1        -0.013    -1         6.3e-09 
   1         1.6e-06  -0.013     1.6e-06  -1        -1.9e-08  -0.013    -1.8e-09  -1       
   1         1.6e-06  -0.013     1.6e-06  -1        -1.9e-08  -0.013    -1.8e-09  -1       
   1        -4e-05    -0.013     1.6e-06  -1         0.0032   -0.013    -0.0032   -1       
   1         6.5e-06  -0.013     1.6e-06  -1        -0.00038  -0.013     0.00038  -1       
   1        -7.1e-05  -0.013     1.6e-06  -1         0.0056   -0.013    -0.0056   -1       
   1         4.3e-05  -0.013     1.6e-06  -1        -0.0032   -0.013     0.0032   -1       
   1        -3.2e-06  -0.013     1.6e-06  -1         0.00037  -0.013    -0.00037  -1       
   1         7.4e-05  -0.013     1.6e-06  -1        -0.0056   -0.013     0.0056   -1       

XIPOS
   0         0         0       
   0         0        -0.35    
  -0.4      -0.4      -0.75    
   0.4      -0.4      -0.75    
  -0.4       0.4      -0.75    
   0.4       0.4      -0.75    
   0.4       0         0       
   0         0        -0.15    
  -0.021    -0.0016    0.056   
  -0.0002    0.029     0.25    
   0.00098   0.017     0.4     
   0.048    -0.025     0.55    
   0.12     -0.012     0.44    
   0.13     -0.016     0.24    
   0.19      0.021     0.18    
   0.2       0.0068    0.13    
   0.2       0.0019    0.07    
   0.2      -0.057     0.044   
   0.2      -0.054    -0.012   
   0.2      -0.042     0.018   
   0.2       0.057     0.044   
   0.2       0.054    -0.012   
   0.2       0.042     0.018   

XIMAT
   1         0         0         0         1         0         0         0         1       
   1         0         0         0         1         0         0         0         1       
   1         0         0         0         1         0         0         0         1       
   1         0         0         0         1         0         0         0         1       
   1         0         0         0         1         0         0         0         1       
   1         0         0         0         1         0         0         0         1       
   1         0         0         0         1         0         0         0         1       
   1         0         0         0         1         0         0         0         1       
   0.053    -0.91      0.42      0.99     -0.0072   -0.14      0.13      0.42      0.9     
   1         0.046     0.00057  -0.043     0.92      0.4       0.018    -0.4       0.92    
   1        -0.015     0.0057    0.016     0.87     -0.5       0.0027    0.5       0.87    
   0.83      0.24      0.49      0.087     0.83     -0.55     -0.54      0.5       0.67    
   0.81     -0.46      0.37     -0.59     -0.65      0.48      0.015    -0.61     -0.79    
   1        -0.042    -0.011    -0.042    -1        -0.061    -0.0087    0.061    -1       
   0.29      0.51      0.81      0.96     -0.15     -0.25     -0.005     0.85     -0.53    
  -0.013    -1         0.00064   0.049    -1.6e-06   1        -1         0.013     0.049   
   1         0.0018   -0.025    -0.0018   -0.99     -0.14     -0.025     0.14     -0.99    
   1        -0.011     0.0071    1.6e-06   0.55      0.84     -0.013    -0.84      0.55    
  -0.0042   -1        -0.012    -0.95     -1.6e-06   0.32     -0.32      0.013    -0.95    
   0.0083   -1        -0.01     -0.77      1.7e-05  -0.64      0.64      0.013    -0.77    
   1        -0.011    -0.0071    1.6e-06  -0.55      0.84     -0.013    -0.84     -0.55    
   0.0042   -1        -0.012    -0.95     -1.6e-06  -0.32      0.32      0.013    -0.95    
  -0.0083   -1        -0.01     -0.77     -1.9e-05   0.64     -0.64      0.013    -0.77    

XANCHOR
   0         0         0.27    
   0         0         0.27    
   0.0017    0         0.56    
   0.054     1.6e-07   0.56    
   0.13      3.8e-07   0.22    
   0.13      3.8e-07   0.22    
   0.2       5.3e-07   0.12    
   0.2      -0.035     0.059   
   0.2      -0.07      0.017   
   0.2      -0.02      0.044   
   0.2       0.035     0.059   
   0.2       0.07      0.017   
   0.2       0.02      0.044   

XAXIS
   0         0         1       
   2.8e-21   1         2.2e-16 
   0.0059    0         1       
   3e-06    -1        -1.8e-08 
  -0.011    -1.6e-08  -1       
  -2e-06     1         6.3e-09 
  -0.013    -1.9e-08  -1       
   1         1.6e-06  -0.013   
  -1        -1.6e-06   0.013   
   1         1.6e-06  -0.013   
  -1        -1.6e-06   0.013   
   1         1.6e-06  -0.013   
  -1        -1.6e-06   0.013   

GEOM_XPOS
   0         0        -0.35    
  -0.4      -0.4      -0.75    
   0.4      -0.4      -0.75    
  -0.4       0.4      -0.75    
   0.4       0.4      -0.75    
   0.4       0         0       
   0         0        -0.15    
  -0.0023    7.6e-05   0.065   
  -0.00014   0.0075    0.24    
   0.00045   0.048     0.36    
   0.033     0.002     0.54    
   0.11     -0.04      0.48    
   0.13     -0.032     0.29    
   0.18      0.009     0.2     
   0.2       0.0014    0.13    
   0.26      6.3e-07   0.12    
   0.2      -0.00018   0.072   
   0.2      -0.052     0.044   
   0.2      -0.055    -0.011   
   0.2      -0.041     0.019   
   0.2       0.052     0.044   
   0.2       0.055    -0.011   
   0.2       0.041     0.019   

GEOM_XMAT
   1         0         0         0         1         0         0         0         1       
   1         0         0         0         1         0         0         0         1       
   1         0         0         0         1         0         0         0         1       
   1         0         0         0         1         0         0         0         1       
   1         0         0         0         1         0         0         0         1       
   1         0         0         0         1         0         0         0         1       
   1         0         0         0         1         0         0         0         1       
   0.051    -1         0.052     1         0.051    -0.003     0.00041   0.052     1       
   1        -0.00011   0.0045   -0.0014    0.94      0.33     -0.0043   -0.33      0.94    
   1         0.00067   0.0047    0.0021    0.83     -0.56     -0.0043    0.56      0.83    
   0.79     -0.017     0.61      0.21      0.94     -0.25     -0.57      0.33      0.75    
   0.78      0.44      0.44      0.17     -0.83      0.53      0.6      -0.34     -0.73    
   1        -0.013    -0.012    -0.016    -0.96     -0.29     -0.0074    0.29     -0.96    
   0.29      0.3       0.91      0.96     -0.061    -0.28     -0.028     0.95     -0.3     
  -0.013    -1         4.1e-05   0.002     1.5e-05   1        -1         0.013     0.002   
   0.071    -1         0.013     1         0.071     2.7e-06  -0.00092   0.013     1       
   1        -0.0023   -0.076     0.00045  -1         0.036    -0.076    -0.036    -1       
   1        -0.011     0.007     1.6e-06   0.54      0.84     -0.013    -0.84      0.54    
  -0.0064   -1        -0.013    -0.93      0.0012    0.36     -0.36      0.015    -0.93    
   0.0084   -1        -0.0071   -0.77     -0.0019   -0.64      0.64      0.011    -0.77    
   1        -0.011    -0.007     1.6e-06  -0.54      0.84     -0.013    -0.84     -0.54    
   0.0081   -1        -0.015    -0.93     -0.0024   -0.36      0.36      0.016    -0.93    
  -0.0084   -1        -0.01     -0.77     -0.00024   0.64     -0.64      0.013    -0.77    

SITE_XPOS
   0.2       5.3e-07  -0.054   

SITE_XMAT
   1         1.6e-06  -0.013     1.6e-06  -1        -1.9e-08  -0.013    -1.8e-09  -1       

CAM_XPOS
   0.29      6.8e-07   0.12    

CAM_XMAT
   0.061    -1         0.013     1         0.061     2.7e-06  -0.00079   0.013     1       

SUBTREE_COM
   0.0034    0.00013  -0.35    
   0         0        -0.38    
  -0.4      -0.4      -0.75    
   0.4      -0.4      -0.75    
  -0.4       0.4      -0.75    
   0.4       0.4      -0.75    
   0.4       0         0       
   0         0        -0.15    
   0.073     0.004     0.31    
   0.081     0.0045    0.33    
   0.1      -0.0022    0.34    
   0.13     -0.0075    0.33    
   0.16     -0.0021    0.26    
   0.17      0.0026    0.18    
   0.2       0.014     0.14    
   0.2       0.0023    0.068   
   0.2       0.0013    0.054   
   0.2      -0.055     0.011   
   0.2      -0.054    -0.012   
   0.2      -0.042     0.018   
   0.2       0.055     0.011   
   0.2       0.054    -0.012   
   0.2       0.042     0.018   

CDOF
   0         0         1        -0.004     0.073     0       
   2.8e-21   1         2.2e-16   0.039     1.6e-17  -0.073   
   0.0059    0         1        -0.004     0.073     2.4e-05 
   3e-06    -1        -1.8e-08   0.25      7.6e-07   0.019   
  -0.011    -1.6e-08  -1         0.004     0.056    -4.5e-05 
  -2e-06     1         6.3e-09   0.089     1.8e-07   0.055   
  -0.013    -1.9e-08  -1         0.004     0.13     -5.2e-05 
   1         1.6e-06  -0.013     0.00051  -0.24      0.039   
  -1        -1.6e-06   0.013    -0.00097   0.29     -0.074   
   1         1.6e-06  -0.013     0.00031  -0.26      0.024   
  -1        -1.6e-06   0.013     0.0004    0.24      0.031   
   1         1.6e-06  -0.013    -0.00086  -0.29     -0.066   
  -1        -1.6e-06   0.013     0.00021   0.26      0.016   

CINERT
   0         0         0         0         0         0         0         0         0         0       
   88        88        1.7e+02   0         0         0         0         0         10        3.2e+02 
   2.4       2.4       2.3      -1.1      -1        -1        -2.8      -2.8      -2.6       7       
   2.4       2.4       2.3       1.1       1        -1         2.8      -2.8      -2.6       7       
   2.4       2.4       2.3       1.1      -1         1        -2.8       2.8      -2.6       7       
   2.4       2.4       2.3      -1.1       1         1         2.8       2.8      -2.6       7       
   0.0017    0.0017    0.0017    0         0         0         0         0         0         1       
   0.13      0.13      0.08      0         0         0         0         0         0         12      
   0.058     0.067     0.0099   -0.00035  -0.021    -0.00098  -0.084    -0.005    -0.22      0.89    
   0.013     0.024     0.018     0.0044   -0.0089    0.0022   -0.17      0.06     -0.12      2.4     
   0.025     0.032     0.014     0.0018    0.012     0.00093  -0.14      0.025     0.17      1.9     
   0.1       0.1       0.005    -0.00086   0.0095    0.012    -0.041    -0.047     0.4       1.6     
   0.039     0.042     0.0084    0.00053  -0.011     0.0056    0.087    -0.028     0.24      1.7     
   0.011     0.014     0.0058    0.0014    0.0045   -0.0019    0.072    -0.026    -0.084     1.3     
   0.022     0.041     0.021    -0.0024    0.02      0.0027    0.16      0.023    -0.16      1.3     
   0.0054    0.0082    0.003    -6.1e-05   0.0039    7.9e-05   0.022     0.00047  -0.03      0.17    
   0.03      0.039     0.0091    0.00015   0.016    -0.00029   0.069    -0.0012   -0.13      0.54    
   0.0024    0.0029    0.00069   0.00026   0.0011   -0.00054   0.0043   -0.002    -0.0088    0.034   
   0.0051    0.0057    0.00095   0.00036   0.002    -0.00089   0.0062   -0.0028   -0.015     0.048   
   0.002     0.0023    0.00043   0.00014   0.00085  -0.00031   0.0029   -0.0011   -0.0066    0.023   
   0.0024    0.0029    0.00066  -0.00023   0.0011    0.00047   0.0043    0.0018   -0.0088    0.034   
   0.005     0.0057    0.00091  -0.00031   0.002     0.00076   0.0062    0.0024   -0.015     0.048   
   0.0019    0.0023    0.00042  -0.00011   0.00085   0.00025   0.0029    0.00087  -0.0066    0.023   

TEN_LENGTH
   0.0032  

TEN_MOMENT
   0         0         0         0         0         0         0         0.5       0         0         0.5       0         0       

TENDON 0: 0 wrap points

ACTUATOR_LENGTH
  -2.8e-21 
   0.0059  
   3e-06   
  -0.0053  
   1e-06   
   0.0019  
   3.4e-07 
   0.0032  

ACTUATOR_MOMENT
   1         0         0         0         0         0         0         0         0         0         0         0         0       
   0         1         0         0         0         0         0         0         0         0         0         0         0       
   0         0         1         0         0         0         0         0         0         0         0         0         0       
   0         0         0         1         0         0         0         0         0         0         0         0         0       
   0         0         0         0         1         0         0         0         0         0         0         0         0       
   0         0         0         0         0         1         0         0         0         0         0         0         0       
   0         0         0         0         0         0         1         0         0         0         0         0         0       
   0         0         0         0         0         0         0         0.5       0         0         0.5       0         0       

CRB
   0         0         0         0         0         0         0         0         0         0       
   98        98        1.8e+02   0         0         0         0         0        -7.1e-15   3.5e+02 
   2.4       2.4       2.3      -1.1      -1        -1        -2.8      -2.8      -2.6       7       
   2.4       2.4       2.3       1.1       1        -1         2.8      -2.8      -2.6       7       
   2.4       2.4       2.3       1.1      -1         1        -2.8       2.8      -2.6       7       
   2.4       2.4       2.3      -1.1       1         1         2.8       2.8      -2.6       7       
   0.0017    0.0017    0.0017    0         0         0         0         0         0         1       
   0.13      0.13      0.08      0         0         0         0         0         0         12      
   0.33      0.39      0.098     0.0047    0.033     0.02      6.9e-17  -2.6e-18  -5.8e-16   12      
   0.27      0.33      0.088     0.005     0.055     0.021     0.084     0.005     0.22      11      
   0.26      0.3       0.07      0.00067   0.064     0.019     0.26     -0.055     0.34      8.8     
   0.23      0.27      0.056    -0.0012    0.051     0.018     0.39     -0.08      0.17      6.9     
   0.13      0.17      0.051    -0.0003    0.042     0.0059    0.43     -0.033    -0.23      5.3     
   0.088     0.12      0.043    -0.00082   0.053     0.00033   0.35     -0.005    -0.47      3.6     
   0.077     0.11      0.037    -0.0023    0.048     0.0022    0.28      0.022    -0.38      2.2     
   0.055     0.069     0.016     0.0002    0.028    -0.00046   0.12     -0.0015   -0.22      0.92    
   0.049     0.061     0.013     0.00026   0.024    -0.00053   0.096    -0.002    -0.19      0.75    
   0.0075    0.0086    0.0016    0.00062   0.0031   -0.0014    0.01     -0.0048   -0.024     0.082   
   0.0051    0.0057    0.00095   0.00036   0.002    -0.00089   0.0062   -0.0028   -0.015     0.048   
   0.002     0.0023    0.00043   0.00014   0.00085  -0.00031   0.0029   -0.0011   -0.0066    0.023   
   0.0074    0.0086    0.0016   -0.00053   0.0031    0.0012    0.01      0.0042   -0.024     0.082   
   0.005     0.0057    0.00091  -0.00031   0.002     0.00076   0.0062    0.0024   -0.015     0.048   
   0.0019    0.0023    0.00042  -0.00011   0.00085   0.00025   0.0029    0.00087  -0.0066    0.023   

QM
   0.16      0.018     0.15     -0.0039   -0.036     0.001    -0.00095   0.00079  -0.00028   0.00012  -0.00079   0.00028  -0.00012 
   0.018     0.43      0.019    -0.21     -0.0018    0.065    -0.00034   0.00033   0.00016   0.0001    0.00033   0.00016   0.0001  
   0.15      0.019     0.15     -0.0039   -0.036     0.001    -0.00095   0.0008   -0.00029   0.00012  -0.0008    0.00029  -0.00012 
  -0.0039   -0.21     -0.0039    0.64      0.0045   -0.11      0.00097  -0.00025  -0.00012  -7.8e-05  -0.00025  -0.00012  -7.8e-05 
  -0.036    -0.0018   -0.036     0.0045    0.016    -0.001     0.00099  -0.0003    0.00011  -4.6e-05   0.0003   -0.00011   4.6e-05 
   0.001     0.065     0.001    -0.11     -0.001     0.036    -0.00023   0.00012   6e-05     3.8e-05   0.00012   6e-05     3.8e-05 
  -0.00095  -0.00034  -0.00095   0.00097   0.00099  -0.00023   0.001     8.7e-19   2.7e-20  -1.1e-09   4.3e-19   1.1e-19   1.1e-09 
   0.00079   0.00033   0.0008   -0.00025  -0.0003    0.00012   8.7e-19   0.0053   -0.0001    0         0         0         0       
  -0.00028   0.00016  -0.00029  -0.00012   0.00011   6e-05     2.7e-20  -0.0001    7.2e-05   0         0         0         0       
   0.00012   0.0001    0.00012  -7.8e-05  -4.6e-05   3.8e-05  -1.1e-09   0         0         3.3e-05   0         0         0       
  -0.00079   0.00033  -0.0008   -0.00025   0.0003    0.00012   4.3e-19   0         0         0         0.0053   -0.0001    0       
   0.00028   0.00016   0.00029  -0.00012  -0.00011   6e-05     1.1e-19   0         0         0        -0.0001    7.2e-05   0       
  -0.00012   0.0001   -0.00012  -7.8e-05   4.6e-05   3.8e-05   1.1e-09   0         0         0         0         0         3.3e-05 

QLD
   0.0097   -0.0036    1         0.0072   -2.3       0.023    -0.93      0.074    -4         3.7      -0.074     4        -3.7     
  -0.0036    0.31      0.25     -0.048    -0.0045    1.8      -0.33      0.11      2.3       3.1       0.11      2.3       3.1     
   1         0.25      0.069     0.0072   -2.3       0.022    -0.93      0.075    -4         3.7      -0.075     4        -3.7     
   0.0072   -0.048     0.0072    0.31      0.083    -3         0.95     -0.083    -1.7      -2.4      -0.083    -1.7      -2.4     
  -2.3      -0.0045   -2.3       0.083     0.015    -0.022     0.97     -0.028     1.5      -1.4       0.028    -1.5       1.4     
   0.023     1.8       0.022    -3        -0.022     0.036    -0.22      0.041     0.84      1.2       0.041     0.84      1.2     
  -0.93     -0.33     -0.93      0.95      0.97     -0.22      0.001     1.8e-16   3.8e-16  -3.2e-05   1.1e-16   1.5e-15   3.2e-05 
   0.074     0.11      0.075    -0.083    -0.028     0.041     1.8e-16   0.0052   -1.4       0         0         0         0       
  -4         2.3      -4        -1.7       1.5       0.84      3.8e-16  -1.4       7.2e-05   0         0         0         0       
   3.7       3.1       3.7      -2.4      -1.4       1.2      -3.2e-05   0         0         3.3e-05   0         0         0       
  -0.074     0.11     -0.075    -0.083     0.028     0.041     1.1e-16   0         0         0         0.0052   -1.4       0       
   4         2.3       4        -1.7      -1.5       0.84      1.5e-15   0         0         0        -1.4       7.2e-05   0       
  -3.7       3.1      -3.7      -2.4       1.4       1.2       3.2e-05   0         0         0         0         0         3.3e-05 

QLDIAGINV
   1e+02   
   3.3     
   14      
   3.2     
   69      
   28      
   9.8e+02 
   1.9e+02 
   1.4e+04 
   3e+04   
   1.9e+02 
   1.4e+04 
   3e+04   

QLDIAGSQRTINV
   10      
   1.8     
   3.8     
   1.8     
   8.3     
   5.3     
   31      
   14      
   1.2e+02 
   1.7e+02 
   14      
   1.2e+02 
   1.7e+02 

B_rownnz              13 0 0 0 0 0 0 0 13 13 13 13 13 13 13 13 13 9 9 8 9 9 8

B_rowadr              0 13 13 13 13 13 13 13 13 26 39 52 65 78 91 104 117 130 139 148 156 165 174

B_colind              0 1 2 3 4 5 6 7 8 9 10 11 12 0 1 2 3 4 5 6 7 8 9 10 11 12 0 1 2 3 4 5 6 7 8 9 10 11 12 0 1 2 3 4 5 6 7 8 9 10 11 12 0 1 2 3 4 5 6 7 8 9 10 11 12 0 1 2 3 4 5 6 7 8 9 10 11 12 0 1 2 3 4 5 6 7 8 9 10 11 12 0 1 2 3 4 5 6 7 8 9 10 11 12 0 1 2 3 4 5 6 7 8 9 10 11 12 0 1 2 3 4 5 6 7 8 9 10 11 12 0 1 2 3 4 5 6 7 8 0 1 2 3 4 5 6 7 8 0 1 2 3 4 5 6 9 0 1 2 3 4 5 6 10 11 0 1 2 3 4 5 6 10 11 0 1 2 3 4 5 6 12

C_rownnz              13 13 13 13 13 13 13 9 9 8 9 9 8

C_rowadr              0 13 26 39 52 65 78 91 100 109 117 126 135

C_colind              0 1 2 3 4 5 6 7 8 9 10 11 12 0 1 2 3 4 5 6 7 8 9 10 11 12 0 1 2 3 4 5 6 7 8 9 10 11 12 0 1 2 3 4 5 6 7 8 9 10 11 12 0 1 2 3 4 5 6 7 8 9 10 11 12 0 1 2 3 4 5 6 7 8 9 10 11 12 0 1 2 3 4 5 6 7 8 9 10 11 12 0 1 2 3 4 5 6 7 8 0 1 2 3 4 5 6 7 8 0 1 2 3 4 5 6 9 0 1 2 3 4 5 6 10 11 0 1 2 3 4 5 6 10 11 0 1 2 3 4 5 6 12

mapM2C                0 2 5 9 14 20 27 35 44 52 60 69 77 2 1 4 8 13 19 26 34 43 51 59 68 76 5 4 3 7 12 18 25 33 42 50 58 67 75 9 8 7 6 11 17 24 32 41 49 57 66 74 14 13 12 11 10 16 23 31 40 48 56 65 73 20 19 18 17 16 15 22 30 39 47 55 64 72 27 26 25 24 23 22 21 29 38 46 54 63 71 35 34 33 32 31 30 29 28 37 44 43 42 41 40 39 38 37 36 52 51 50 49 48 47 46 45 60 59 58 57 56 55 54 53 62 69 68 67 66 65 64 63 62 61 77 76 75 74 73 72 71 70

D_rownnz              13 13 13 13 13 13 13 9 9 8 9 9 8

D_rowadr              0 13 26 39 52 65 78 91 100 109 117 126 135

D_colind              0 1 2 3 4 5 6 7 8 9 10 11 12 0 1 2 3 4 5 6 7 8 9 10 11 12 0 1 2 3 4 5 6 7 8 9 10 11 12 0 1 2 3 4 5 6 7 8 9 10 11 12 0 1 2 3 4 5 6 7 8 9 10 11 12 0 1 2 3 4 5 6 7 8 9 10 11 12 0 1 2 3 4 5 6 7 8 9 10 11 12 0 1 2 3 4 5 6 7 8 0 1 2 3 4 5 6 7 8 0 1 2 3 4 5 6 9 0 1 2 3 4 5 6 10 11 0 1 2 3 4 5 6 10 11 0 1 2 3 4 5 6 12

mapM2D                0 2 5 9 14 20 27 35 44 52 60 69 77 2 1 4 8 13 19 26 34 43 51 59 68 76 5 4 3 7 12 18 25 33 42 50 58 67 75 9 8 7 6 11 17 24 32 41 49 57 66 74 14 13 12 11 10 16 23 31 40 48 56 65 73 20 19 18 17 16 15 22 30 39 47 55 64 72 27 26 25 24 23 22 21 29 38 46 54 63 71 35 34 33 32 31 30 29 28 37 44 43 42 41 40 39 38 37 36 52 51 50 49 48 47 46 45 60 59 58 57 56 55 54 53 62 69 68 67 66 65 64 63 62 61 77 76 75 74 73 72 71 70

mapD2M                0 14 13 28 27 26 42 41 40 39 56 55 54 53 52 70 69 68 67 66 65 84 83 82 81 80 79 78 98 97 96 95 94 93 92 91 108 107 106 105 104 103 102 101 100 116 115 114 113 112 111 110 109 124 123 122 121 120 119 118 117 134 133 132 131 130 129 128 127 126 142 141 140 139 138 137 136 135

QDERIV
  -1.6e+02   0         0         0         0         0         0         0         0         0         0         0         0       
   0        -1.6e+02   0         0         0         0         0         0         0         0         0         0         0       
   0         0        -1e+02     0         0         0         0         0         0         0         0         0         0       
   0         0         0        -1e+02     0         0         0         0         0         0         0         0         0       
   0         0         0         0        -1e+02     0         0         0         0         0         0         0         0       
   0         0         0         0         0        -82        0         0         0         0         0         0         0       
   0         0         0         0         0         0        -82        0         0         0         0         0         0       
   0         0         0         0         0         0         0        -2.6       0         0         0         0         0       
   0         0         0         0         0         0         0         0         0         0         0         0         0       
   0         0         0         0         0         0         0         0         0        -0.0013    0         0         0       
   0         0         0         0         0         0         0         0         0         0        -2.6       0         0       
   0         0         0         0         0         0         0         0         0         0         0         0         0       
   0         0         0         0         0         0         0         0         0         0         0         0        -0.0013  

QLU
   0         0         0         0         0         0         0         0         0         0         0         0         0       
   0         0         0         0         0         0         0         0         0         0         0         0         0       
   0         0         0         0         0         0         0         0         0         0         0         0         0       
   0         0         0         0         0         0         0         0         0         0         0         0         0       
   0         0         0         0         0         0         0         0         0         0         0         0         0       
   0         0         0         0         0         0         0         0         0         0         0         0         0       
   0         0         0         0         0         0         0         0         0         0         0         0         0       
   0         0         0         0         0         0         0         0         0         0         0         0         0       
   0         0         0         0         0         0         0         0         0         0         0         0         0       
   0         0         0         0         0         0         0         0         0         0         0         0         0       
   0         0         0         0         0         0         0         0         0         0         0         0         0       
   0         0         0         0         0         0         0         0         0         0         0         0         0       
   0         0         0         0         0         0         0         0         0         0         0         0         0       

CONTACT
EFC_TYPE
  0
  0
  0
  0
  0
  0
  0
  1
  1
  1
  1
  1
  1
  1
  1
  1
  1
  1
  1
  1

EFC_ID
  0
  0
  0
  1
  1
  1
  2
  0
  1
  2
  3
  4
  5
  6
  7
  8
  9
  10
  11
  12

EFC_J
  -0.00011   7.9e-05  -0.00011  -7.9e-05   0.00011   7.9e-05   0.00011   0         0         0        -0.00026  -0.0002    0.00046 
   1e-06     2.3e-22   5.6e-07  -2.4e-10  -1.5e-07   1.6e-10   1.7e-10   0         0         0        -0.057     0.015     0.042   
   0        -1e-06     6.3e-07   1e-06    -1.2e-06  -1e-06    -1.4e-06   0         0         0        -0.02     -0.015     0.035   
   0.00011   8e-05     0.00011  -8e-05    -0.00011   8e-05    -0.00011  -0.00027  -0.0002    0.00046   0         0         0       
   1e-06     2.3e-22   5.7e-07  -2.4e-10  -1.5e-07   1.6e-10  -1.8e-10   0.057    -0.015    -0.042     0         0         0       
   0        -1e-06    -6.4e-07   1e-06     1.2e-06  -1e-06     1.4e-06  -0.02     -0.015     0.035     0         0         0       
   0         0         0         0         0         0         0         1         0         0        -1         0         0       
   1         0         0         0         0         0         0         0         0         0         0         0         0       
   0         1         0         0         0         0         0         0         0         0         0         0         0       
   0         0         1         0         0         0         0         0         0         0         0         0         0       
   0         0         0         1         0         0         0         0         0         0         0         0         0       
   0         0         0         0         1         0         0         0         0         0         0         0         0       
   0         0         0         0         0         1         0         0         0         0         0         0         0       
   0         0         0         0         0         0         1         0         0         0         0         0         0       
   0         0         0         0         0         0         0         1         0         0         0         0         0       
   0         0         0         0         0         0         0         0         1         0         0         0         0       
   0         0         0         0         0         0         0         0         0         1         0         0         0       
   0         0         0         0         0         0         0         0         0         0         1         0         0       
   0         0         0         0         0         0         0         0         0         0         0         1         0       
   0         0         0         0         0         0         0         0         0         0         0         0         1       

EFC_POS
   1e-06   
   0.00011 
   7.9e-05 
   1e-06   
  -0.00011 
   8e-05   
  -7.4e-10 
   0       
   0       
   0       
   0       
   0       
   0       
   0       
   0       
   0       
   0       
   0       
   0       
   0       

EFC_MARGIN
   0       
   0       
   0       
   0       
   0       
   0       
   0       
   0       
   0       
   0       
   0       
   0       
   0       
   0       
   0       
   0       
   0       
   0       
   0       
   0       

EFC_FRICTIONLOSS
   0       
   0       
   0       
   0       
   0       
   0       
   0       
   1       
   1       
   1       
   1       
   1       
   1       
   1       
   1       
   1       
   1       
   1       
   1       
   1       

EFC_DIAGAPPROX
   20      
   20      
   20      
   20      
   20      
   20      
   3.9e+02 
   1e+02   
   3.3     
   1.2e+02 
   3.2     
   1.5e+02 
   66      
   1.1e+03 
   1.9e+02 
   1.4e+04 
   3e+04   
   1.9e+02 
   1.4e+04 
   3e+04   

EFC_KBIP
   4.4e+04   4.2e+02   0.9       27      
   4.4e+04   4.2e+02   0.9       27      
   4.4e+04   4.2e+02   0.9       27      
   4.4e+04   4.2e+02   0.9       27      
   4.4e+04   4.2e+02   0.9       27      
   4.4e+04   4.2e+02   0.9       27      
   4.4e+04   4.2e+02   0.9      -0.00015 
   0         1.1e+02   0.9       0       
   0         1.1e+02   0.9       0       
   0         1.1e+02   0.9       0       
   0         1.1e+02   0.9       0       
   0         1.1e+02   0.9       0       
   0         1.1e+02   0.9       0       
   0         1.1e+02   0.9       0       
   0         1.1e+02   0.9       0       
   0         1.1e+02   0.9       0       
   0         1.1e+02   0.9       0       
   0         1.1e+02   0.9       0       
   0         1.1e+02   0.9       0       
   0         1.1e+02   0.9       0       

EFC_D
   0.47    
   0.47    
   0.47    
   0.46    
   0.46    
   0.46    
   0.023   
   0.087   
   2.8     
   0.077   
   2.8     
   0.061   
   0.14    
   0.0084  
   0.047   
   0.00062 
   0.0003  
   0.047   
   0.00062 
   0.0003  

EFC_R
   2.1     
   2.1     
   2.1     
   2.2     
   2.2     
   2.2     
   43      
   11      
   0.36    
   13      
   0.36    
   16      
   7.3     
   1.2e+02 
   21      
   1.6e+03 
   3.4e+03 
   21      
   1.6e+03 
   3.4e+03 

TEN_VELOCITY
  -6.6e-17 

ACTUATOR_VELOCITY
  -2e-18   
  -2.1e-16 
  -2.9e-18 
  -2e-16   
   7e-19   
  -4.9e-17 
   6e-20   
  -6.6e-17 

CVEL
   0         0         0         0         0         0       
   0         0         0         0         0         0       
   0         0         0         0         0         0       
   0         0         0         0         0         0       
   0         0         0         0         0         0       
   0         0         0         0         0         0       
   0         0         0         0         0         0       
   0         0         0         0         0         0       
   0         0         0         0         0         0       
   0         0        -2e-18     8e-21    -1.5e-19   0       
  -5.9e-37  -2.1e-16  -2e-18    -8.3e-18  -1.5e-19   1.6e-17 
  -1.7e-20  -2.1e-16  -4.9e-18  -8.3e-18  -3.6e-19   1.6e-17 
  -1.8e-20  -1.1e-17  -4.9e-18  -6e-17    -3.6e-19   1.2e-17 
  -2.6e-20  -1.1e-17  -5.7e-18  -6e-17    -3.2e-19   1.2e-17 
  -2.6e-20  -6e-17    -5.7e-18  -6.4e-17  -3.2e-19   9.1e-18 
  -2.7e-20  -6e-17    -5.7e-18  -6.4e-17  -3.1e-19   9.1e-18 
  -2.7e-20  -6e-17    -5.7e-18  -6.4e-17  -3.1e-19   9.1e-18 
  -6.2e-17  -6e-17    -4.9e-18  -6.4e-17   1.5e-17   6.7e-18 
   1.7e-15  -6e-17    -2.8e-17  -6.2e-17  -5e-16     1.4e-16 
   3.3e-15  -6e-17    -4.9e-17  -6.3e-17  -8.6e-16   8.9e-17 
   7e-17    -6e-17    -6.6e-18  -6.4e-17  -1.7e-17   7e-18   
   1.4e-15  -6e-17    -2.3e-17  -6.5e-17  -3.9e-16  -7.8e-17 
   2.5e-15  -6e-17    -3.8e-17  -6.5e-17  -6.4e-16  -3e-17   

CDOF_DOT
   0         0         0         0         0         0       
   2e-18    -5.5e-39   0        -2.1e-40  -7.8e-20   8e-21   
  -2.1e-16  -1.2e-20   1.3e-18  -5.5e-21   8.4e-18  -8.6e-19 
  -4.9e-18  -1.5e-23   1.8e-20   1.2e-17  -1.3e-18   6.3e-17 
   1.1e-17   3.7e-20  -1.2e-19   6.4e-19  -6e-17     3.9e-20 
   5.7e-18   1.1e-23  -2.6e-20  -1.2e-17  -5e-19    -5.9e-17 
   6e-17     4.8e-20  -7.8e-19   1.1e-18  -6.4e-17   2.3e-19 
   7.8e-19  -5.7e-18   6e-17    -3.7e-18   8.3e-18   3.5e-19 
  -7.8e-19   5.7e-18  -6e-17     6e-18    -1e-17    -3e-18   
   7.8e-19  -5.7e-18   6e-17    -2.9e-18   8.3e-18   3.4e-19 
  -7.8e-19   5.7e-18  -6e-17    -4.5e-19  -8.3e-18  -3e-19   
   7.8e-19  -5.7e-18   6e-17     2.3e-18   1.1e-17  -2.7e-18 
  -7.8e-19   5.7e-18  -6e-17     5.3e-19  -8.3e-18  -3.1e-19 

QFRC_BIAS
   7.1e-34 
  -8.9     
  -0.003   
   5.3     
  -0.001   
  -1.5     
  -0.00028 
  -0.016   
  -0.0078  
  -0.0049  
  -0.016   
  -0.0078  
  -0.0049  

QFRC_SPRING
   0       
   0       
   0       
   0       
   0       
   0       
   0       
   0       
   0       
   0.13    
   0       
   0       
   0.13    

QFRC_DAMPER
   2e-17   
   2.1e-15 
   1.5e-17 
   1e-15   
  -3.5e-18 
   9.7e-17 
  -1.2e-19 
   6.2e-18 
   0       
  -4.2e-18 
   7e-18   
   0       
   3.1e-18 

QFRC_GRAVCOMP
   0       
   0       
   0       
   0       
   0       
   0       
   0       
   0       
   0       
   0       
   0       
   0       
   0       

QFRC_FLUID
   0       
   0       
   0       
   0       
   0       
   0       
   0       
   0       
   0       
   0       
   0       
   0       
   0       

QFRC_PASSIVE
   2e-17   
   2.1e-15 
   1.5e-17 
   1e-15   
  -3.5e-18 
   9.7e-17 
  -1.2e-19 
   6.2e-18 
   0       
   0.13    
   7e-18   
   0       
   0.13    

EFC_VEL
  -1.4e-18 
  -8.1e-17 
  -1e-16   
   1.9e-18 
  -1.2e-16 
   1.5e-16 
   7.9e-18 
  -2e-18   
  -2.1e-16 
  -2.9e-18 
  -2e-16   
   7e-19   
  -4.9e-17 
   6e-20   
  -6.2e-17 
  -1.8e-15 
   3.3e-15 
  -7e-17   
   1.3e-15 
  -2.5e-15 

EFC_AREF
  -0.041   
  -4.3     
  -3.2     
  -0.041   
   4.3     
  -3.2     
   2.9e-05 
   2.1e-16 
   2.2e-14 
   3.1e-16 
   2.1e-14 
  -7.4e-17 
   5.1e-15 
  -6.3e-18 
   6.5e-15 
   1.9e-13 
  -3.5e-13 
   7.3e-15 
  -1.3e-13 
   2.6e-13 

SUBTREE_LINVEL
   0         0         0       
   0         0         0       
   0         0         0       
   0         0         0       
   0         0         0       
   0         0         0       
   0         0         0       
   0         0         0       
   0         0         0       
   0         0         0       
   0         0         0       
   0         0         0       
   0         0         0       
   0         0         0       
   0         0         0       
   0         0         0       
   0         0         0       
   0         0         0       
   0         0         0       
   0         0         0       
   0         0         0       
   0         0         0       
   0         0         0       

SUBTREE_ANGMOM
   0         0         0       
   0         0         0       
   0         0         0       
   0         0         0       
   0         0         0       
   0         0         0       
   0         0         0       
   0         0         0       
   0         0         0       
   0         0         0       
   0         0         0       
   0         0         0       
   0         0         0       
   0         0         0       
   0         0         0       
   0         0         0       
   0         0         0       
   0         0         0       
   0         0         0       
   0         0         0       
   0         0         0       
   0         0         0       
   0         0         0       

ACTUATOR_FORCE
   3e-16   
  -8.9     
  -0.003   
   5.3     
  -0.001   
  -1.5     
  -0.00028 
  -0.32    

QFRC_ACTUATOR
   3e-16   
  -8.9     
  -0.003   
   5.3     
  -0.001   
  -1.5     
  -0.00028 
  -0.16    
   0       
   0       
  -0.16    
   0       
   0       

QFRC_SMOOTH
   3.2e-16 
  -6.2e-14 
   3.3e-16 
  -6e-14   
  -4.1e-17 
  -6.7e-16 
   6.8e-17 
  -0.14    
   0.0078  
   0.14    
  -0.14    
   0.0078  
   0.14    

QACC_SMOOTH
  -0.092   
  -0.99    
   0.24    
  -1.1     
  -0.043   
  -10      
  -1.4     
  -25      
   82      
   4.1e+03 
  -25      
   80      
   4.1e+03 

EFC_B
   1.9     
   1.8e+02 
   1.5e+02 
   1.9     
  -1.8e+02 
   1.5e+02 
  -0.025   
  -0.092   
  -0.99    
   0.24    
  -1.1     
  -0.043   
  -10      
  -1.4     
  -25      
   82      
   4.1e+03 
  -25      
   80      
   4.1e+03 

EFC_FORCE
  -0.019   
  -2       
  -1.5     
  -0.019   
   2       
  -1.5     
   6.9e-07 
  -3.4e-17 
   6.2e-14 
  -3.2e-17 
   5.9e-14 
   7.1e-18 
   7.1e-16 
   1.3e-18 
   3.5e-16 
   1.2e-16 
  -9.3e-17 
   6.6e-16 
  -4e-16   
  -9.4e-17 

EFC_STATE
  1
  1
  1
  1
  1
  1
  1
  1
  1
  1
  1
  1
  1
  1
  1
  1
  1
  1
  1
  1

QFRC_CONSTRAINT
  -3.4e-17 
   6.2e-14 
  -4.8e-17 
   5.9e-14 
  -3.9e-17 
   7.1e-16 
  -6.9e-17 
   0.14    
  -0.0078  
  -0.14    
   0.14    
  -0.0078  
  -0.14    

QFRC_INVERSE
   0       
   0       
   0       
   0       
   0       
   0       
   0       
   0       
   0       
   0       
   0       
   0       
   0       

CACC
   0         0         0         0         0         0       
   0         0         0         0         0         0       
   0         0         0         0         0         0       
   0         0         0         0         0         0       
   0         0         0         0         0         0       
   0         0         0         0         0         0       
   0         0         0         0         0         0       
   0         0         0         0         0         0       
   0         0         0         0         0         0       
   0         0         0         0         0         0       
   0         0         0         0         0         0       
   0         0         0         0         0         0       
   0         0         0         0         0         0       
   0         0         0         0         0         0       
   0         0         0         0         0         0       
   0         0         0         0         0         0       
   0         0         0         0         0         0       
   0         0         0         0         0         0       
   0         0         0         0         0         0       
   0         0         0         0         0         0       
   0         0         0         0         0         0       
   0         0         0         0         0         0       
   0         0         0         0         0         0       

CFRC_INT
   0         0         0         0         0         0       
   0         0         0         0         0         0       
   0         0         0         0         0         0       
   0         0         0         0         0         0       
   0         0         0         0         0         0       
   0         0         0         0         0         0       
   0         0         0         0         0         0       
   0         0         0         0         0         0       
   0         0         0         0         0         0       
   0         0         0         0         0         0       
   0         0         0         0         0         0       
   0         0         0         0         0         0       
   0         0         0         0         0         0       
   0         0         0         0         0         0       
   0         0         0         0         0         0       
   0         0         0         0         0         0       
   0         0         0         0         0         0       
   0         0         0         0         0         0       
   0         0         0         0         0         0       
   0         0         0         0         0         0       
   0         0         0         0         0         0       
   0         0         0         0         0         0       
   0         0         0         0         0         0       

CFRC_EXT
   0         0         0         0         0         0       
   0         0         0         0         0         0       
   0         0         0         0         0         0       
   0         0         0         0         0         0       
   0         0         0         0         0         0       
   0         0         0         0         0         0       
   0         0         0         0         0         0       
   0         0         0         0         0         0       
   0         0         0         0         0         0       
   0         0         0         0         0         0       
   0         0         0         0         0         0       
   0         0         0         0         0         0       
   0         0         0         0         0         0       
   0         0         0         0         0         0       
   0         0         0         0         0         0       
   0         0         0         0         0         0       
   0         0         0         0         0         0       
   0         0         0         0         0         0       
   0         0         0         0         0         0       
   0         0         0         0         0         0       
   0         0         0         0         0         0       
   0         0         0         0         0         0       
   0         0         0         0         0         0       

TENDON_EFCADR         -1

